33.1
33.2
33.2
33.2
33.2
33.300000000000004
33.300000000000004
33.300000000000004
33.300000000000004
33.300000000000004
33.300000000000004
33.4
33.4
33.4
33.4
33.4
33.4
33.4
33.4
33.4
33.4
33.5
33.5
33.5
33.4
33.5
33.4
33.4
33.4
33.4
33.4
33.4
33.4
33.4
33.300000000000004
33.300000000000004
33.300000000000004
33.300000000000004
33.300000000000004
33.2
33.2
33.2
33.1
33.1
33
32.9
32.800000000000004
33.2
33.2
33.2
33.1
33.1
33.1
33.5
33.5
33
33
33
33
33
33
33
33.1
33.1
33.1
33.1
33.1
33.1
33.1
33.1
33.1
33.1
33.1
33.1
33.1
33.1
33.1
33.1
33.1
33.1
33.1
33.1
33.1
33.1
33.1
33.1
33.1
33.1
33.1
33.1
33.2
33.2
33.1
33.1
31.6
31.5
31.5
31.400000000000002
31.3
31.200000000000003
31.200000000000003
31.1
30.400000000000002
